time,x,y,z,phi,theta,psi,x_velocity,y_velocity,z_velocity,phi_velocity,theta_velocity,psi_velocity,rotor_speed1,rotor_speed2,rotor_speed3,rotor_speed4
0.06,-7.457207120395216e-08,-6.124995221910213e-08,10.002185212536883,6.283082754683701,8.913198321103266e-05,0.0,-7.003777466449331e-06,-6.830805159417658e-06,0.07283790877654188,-0.005368019248468768,0.004302553672170664,0.0,428.07051296164116,428.4363856493908,428.3657311974333,427.9091304832252
0.12000000000000001,-3.4402517504918123e-06,-3.685845156863702e-06,10.008428738628295,6.282685972398095,0.0006199420238122144,0.0,-0.00014445955932519775,-0.000148535051968765,0.13527370337299852,-0.009227268004388674,0.01666245236541723,0.0,424.1411789981918,425.20107202747874,425.143615385569,424.8129854847735
0.18,-3.440090580695919e-05,-2.8861295583074818e-05,10.025854723724816,6.281770342738993,0.0020092695775382197,0.0,-0.0010497861403165698,-0.0007829465377334804,0.44552303862723824,-0.031436746390573866,0.033716641710840996,0.0,499.29069911277014,500.5331456280962,499.3350453039263,497.71257985245614
0.23999999999999996,-0.00014388393384448612,-0.00010964769418925183,10.054320442317586,6.280261856362369,0.004303150180083648,0.0,-0.002807482531540699,-0.0020702260450179795,0.5033092502084445,-0.014846132718636202,0.04600114152869302,0.0,423.22497310884836,424.28158472237686,422.5644796217938,423.99183233291393
0.3,-0.00043577425835210885,-0.0003124805363400739,10.092284031243869,6.2792122999387825,0.007710423569871061,0.0,-0.007315898165652479,-0.004811433829835333,0.762004681166189,-0.02339411732503494,0.0725020175204579,0.0,484.46828290073324,486.458263621782,484.7583158898944,484.1157494193635
0.36000000000000004,-0.0010392810651027107,-0.0006829843524460765,10.139676871363895,6.2774186333424105,0.011931715159395395,0.0,-0.01321010217864116,-0.00768632579915134,0.8177136496538202,-0.04789398117586316,0.06567453448091683,0.0,423.94932521296755,423.36640096644936,423.86151369174127,421.75055429601287
0.4200000000000001,-0.0020781984382555485,-0.0012662136565204146,10.190533376354534,6.274973181897703,0.01588321310305041,0.0,-0.02179891942828687,-0.012007019012639387,0.8774520537249796,-0.02935287516022421,0.06622313819030187,0.0,424.7583939961381,424.80886858752973,423.72694071304716,425.3166303799597
0.48000000000000015,-0.003757512093975142,-0.0021774472177565787,10.247858620127548,6.272969928420805,0.01998624895365353,0.0,-0.0346217187725454,-0.018572096797582757,1.0332514884444182,-0.04300913692555962,0.0723868106093032,0.0,455.7414577558545,456.23716912146426,454.75312414890635,453.65759163272116
0.5400000000000001,-0.006201240399235672,-0.003480306458364692,10.30981901702411,6.270226061339509,0.024221451060692623,0.0,-0.04720948995202747,-0.02508759791863936,1.0320851708673449,-0.0518201275600035,0.06672102207286275,0.0,405.3377287851198,404.8326307990521,404.697796832714,403.90255398358823
0.6000000000000002,-0.009503403044740455,-0.005239920718794875,10.372871119893887,6.266921181357944,0.02868701092966841,0.0,-0.0632576598402083,-0.033862185904415386,1.0696020557534143,-0.06256249105204874,0.08655143079343577,0.0,417.6546893101289,419.3850529546322,417.5267138995776,416.5862553641404
0.6600000000000003,-0.013881874276203444,-0.0076048106043377,10.439037660151625,6.2627191710343055,0.03405655059993418,0.0,-0.08320257836667096,-0.04534483738144503,1.1358621243997273,-0.0923670939014087,0.09480285132246724,0.0,426.6906532826112,427.40143178660463,428.9487783762788,426.4061366115637
0.7200000000000003,-0.01956611213596108,-0.01074857778908548,10.509227005282812,6.25748049468805,0.03979731198614189,0.0,-0.10682564476680437,-0.05996812646027311,1.20368012592379,-0.07875092390429146,0.09737588637658041,0.0,427.3819199114168,427.60933738581684,428.07840744079255,429.22864668413615
0.7800000000000004,-0.027069217011718046,-0.015056735097075778,10.590514420422158,6.253075986141507,0.04528773051610546,0.0,-0.14401643134496975,-0.08422672579679862,1.5055017688277965,-0.06443645109841961,0.07595565572225597,0.0,499.50804994708636,497.9495856703006,497.88317624823844,498.9256222087605
0.8400000000000004,-0.03684310902842625,-0.02086675466713963,10.687712626459879,6.2489358871899725,0.04959942043835497,0.0,-0.18230456006347956,-0.10991196512537572,1.7340750628539374,-0.08019632028850389,0.062071830582115496,0.0,479.19482323830766,478.141883293332,478.9732223066595,477.76992144828836
0.9000000000000005,-0.04874816518437709,-0.028135628353793407,10.7932706354778,6.243843312892018,0.0540053230888482,0.0,-0.21491845143849406,-0.13284708400391354,1.784406035726027,-0.09642299150413895,0.08975504784751778,0.0,422.8858386436961,425.2678137869143,425.1999027311209,423.80113871039055
0.9600000000000005,-0.06319639897521695,-0.03724451169952425,10.910833171058758,6.2384326156904315,0.05999234393637032,0.0,-0.2674550006959067,-0.1715309986024782,2.1336739235174833,-0.07995626218171649,0.11465952893507027,0.0,513.3908013242074,515.1615350796048,512.0813501890566,513.2455323293208
1.0200000000000005,-0.08062328351042825,-0.0485619416232693,11.043643075913435,6.23338623649612,0.06716945187934797,0.0,-0.31420365492716934,-0.20624363566363413,2.2929309724266287,-0.09405720042139784,0.12803651354073384,0.0,460.48020994427293,461.5493565000283,460.3084578697213,459.18563187074403
1.0800000000000005,-0.1011034564015602,-0.06214042793650299,11.187209968917948,6.227626990220248,0.07496522708183928,0.0,-0.36934482663608437,-0.2470127154273268,2.49210465479919,-0.1001546483297891,0.13346621106049086,0.0,472.40881849084565,472.8416320916091,473.9510761880163,473.47497200445684
1.1400000000000006,-0.12503571150518245,-0.07827076969720596,11.342152334712802,6.2212992787181705,0.0828953334835072,0.0,-0.4292747363147059,-0.29133651699880037,2.672104284200915,-0.11903661221272092,0.12944076795415252,0.0,468.62053382576926,468.3226033078564,469.41625214256146,467.93942231473227
1.2000000000000006,-0.15278366197197893,-0.0972385019911334,11.508311771328561,6.214028510832449,0.09054000221045122,0.0,-0.4965122561488813,-0.34172019436000306,2.8659180973024267,-0.12584723705951165,0.12301193514736604,0.0,474.1780914904731,473.69766503814503,473.94131208439205,473.40526281513655
1.2600000000000007,-0.18457928046285024,-0.11927360496838442,11.684274731421116,6.206606059911396,0.09846268111037482,0.0,-0.5641344869901491,-0.3935520882097271,2.9990047902536445,-0.11974272371327169,0.14577561570946587,0.0,455.2001260596278,457.0333068585364,457.2394014279395,457.7120449551776
1.3200000000000007,-0.22063864733383176,-0.1445988250178981,11.868480127170352,6.1998220302943565,0.10673709991381308,0.0,-0.6387377357001733,-0.45133545376606593,3.1405981743366804,-0.10227069354608384,0.11352722780591208,0.0,461.7843936393661,459.2497418495488,459.78787142972016,461.15895821716214
1.3800000000000008,-0.26148515192197164,-0.17364054925484051,12.062398524974538,6.19356563331854,0.11398277640706134,0.0,-0.7235639007416206,-0.5173753200174551,3.3226329458446333,-0.10860980874892807,0.13228508139636252,0.0,473.237727766971,474.69136545235193,474.0089134855488,473.51273460118426
1.4400000000000008,-0.30758623460985135,-0.20678306495032067,12.267133104063877,6.186916622506093,0.12200986808703718,0.0,-0.813985214221688,-0.588060775063951,3.501080110468697,-0.11563842144947298,0.13662434256815953,0.0,474.1166855478663,474.46520496620127,474.5574857453302,474.00759204601104
1.5000000000000009,-0.3590545318465801,-0.24412703800113023,12.480567085243823,6.180075415335976,0.13010425939474324,0.0,-0.9024277124434171,-0.6574040964576056,3.6127868415904056,-0.11096815153453858,0.13123260616168253,0.0,456.11577420421065,455.7012322039381,455.14584588304416,455.5082326632748
1.560000000000001,-0.4158250894812696,-0.285634350020918,12.699346929999322,6.173694098746733,0.13816929349035068,0.0,-0.9906714128782601,-0.7267668689994573,3.679409262605075,-0.09844385540521065,0.14012150954159194,0.0,442.2297981802551,442.97809904921905,442.2553227020016,443.2757087326606
1.620000000000001,-0.47861921927236956,-0.33186848271001096,12.926085650266856,6.168030890817487,0.14693869217973887,0.0,-1.1033759001234074,-0.8149480041430893,3.8775635005149884,-0.08731104923097302,0.156089379806747,0.0,482.5830797367527,483.80486184627,484.3335626589044,485.16337247240597
1.680000000000001,-0.5476505744980615,-0.38294995955272815,13.159766666538312,6.163373584100878,0.15614049989981105,0.0,-1.1985085267370634,-0.888185786991878,3.9113980272935915,-0.0631270391792687,0.1472711016998276,0.0,435.3504111543524,434.6345872434582,434.377179670479,436.395496053262
1.740000000000001,-0.6225226202839858,-0.43847540118288575,13.39518718328844,6.16015643934395,0.1646392618188406,0.0,-1.298003439132854,-0.9629462952086274,3.9355883062328503,-0.03932905126727147,0.12698080792268782,0.0,433.32428987967575,431.63411232186957,432.3326255367602,434.3311348072678
1.8000000000000012,-0.7036264920426423,-0.4986182132264172,13.632653009320538,6.157746747407611,0.17252305691996384,0.0,-1.4061612577561373,-1.0419997499400984,3.9795068375639167,-0.041880282478450104,0.13901304969791223,0.0,439.11973263688316,440.1327600044268,440.76253166282925,440.55077056372807
1.8600000000000012,-0.791813638735973,-0.5638611832915738,13.8751816518918,6.1552164320722405,0.1816720748140881,0.0,-1.5342608115189191,-1.1329486046763675,4.103975066213586,-0.04276150923239282,0.17091651487213477,0.0,464.704571824014,467.218839161672,467.12760585943124,467.0580084044058
1.9200000000000013,-0.888292698222919,-0.6348883979654926,14.12726167415494,6.152717128108613,0.19144643992789767,0.0,-1.6827344025555298,-1.234786983265401,4.29751252802775,-0.03952979893842862,0.13774491104668285,0.0,491.0983119984753,488.6532542832723,487.93685646704705,488.1773189937378
1.9800000000000013,-0.992666452480503,-0.7112530833404553,14.384609511760932,6.150252260721114,0.19965410208820078,0.0,-1.7970998595031913,-1.3108939662480819,4.2804813745513535,-0.04437882027707858,0.13482440751789118,0.0,424.76496746511845,424.5326722740682,425.9355168917261,425.51958642131723
2.0400000000000014,-1.104848197072232,-0.7927483215933839,14.644785795289279,6.147988156575549,0.20731702364387417,0.0,-1.9430182197960326,-1.405777504375179,4.391210820217819,-0.026974647443102323,0.1071200780455878,0.0,468.63156125844836,466.4864837832119,465.8833632239776,467.24166272821947
2.1000000000000014,-1.2252334608762883,-0.879524706287089,14.908223817586777,6.146438595928972,0.21333642497283556,0.0,-2.070372596233903,-1.4868888704700698,4.3897308176786405,-0.02362267810388927,0.08110266917164037,0.0,433.1664084091985,430.98133675426465,433.4591421849307,433.74063373560233
2.1600000000000015,-1.353965388156909,-0.9715699519522706,15.174257523841728,6.144512359345093,0.21777547178496892,0.0,-2.2210869384991008,-1.5813744289919727,4.4773510494584166,-0.060226134302284226,0.053328898530853694,0.0,463.18698638254796,461.0011369062983,463.966756594904,461.08303002433473
2.2200000000000015,-1.491621908203749,-1.0692015330698879,15.444573113394446,6.140837119085072,0.2206617122852883,0.0,-2.367711270091678,-1.6733102860954092,4.532588663965184,-0.06339233159603262,0.034796020930562395,0.0,454.0876602471008,452.5996268423706,453.94583594064125,453.6890606613698
2.2800000000000016,-1.6383314509427003,-1.1725456237987835,15.719022842871423,6.137306087729009,0.222322386113726,0.0,-2.522729899704044,-1.7717910421896568,4.615035935330151,-0.05104162824771802,0.007010415173563787,0.0,464.2753886700317,462.09005120833797,463.13782445602095,464.1060359699752
2.3400000000000016,-1.7937820791820156,-1.28148429440842,15.995771484866658,6.133998514344125,0.2223914365962143,0.0,-2.6590128397833075,-1.8597729474949471,4.609666943605516,-0.06488978139270249,-0.014383244504052602,0.0,436.94405521574066,435.15657887801683,437.58261102676,436.4259338227684
2.4000000000000017,-1.9582130074374196,-1.396289702693464,16.27564516867783,6.131011315706317,0.2216701900518565,0.0,-2.8218537762664013,-1.9673440159968907,4.718676795446104,-0.02983151464961007,-0.007671301682457846,0.0,473.3428462203744,473.85929404146515,472.1793711438368,474.8749018960292
2.4600000000000017,-2.131554782083802,-1.5170306368639819,16.55826269654011,6.128937229191772,0.22125514178971795,0.0,-2.956227222991082,-2.0575344928743324,4.701734264182044,-0.04629854859459972,-0.005450850842528194,0.0,434.90010390103566,435.0861880987226,435.52871970225476,434.14842349122046
2.520000000000002,-2.3136568406476234,-1.6437000143471983,16.84286875405553,6.125969313770167,0.22055554190001558,0.0,-3.1137485069518402,-2.165005356967168,4.784448290828688,-0.056697408522618446,-0.028508417291880195,0.0,468.3329909441829,466.53593861191644,467.8386265882933,467.0266973170845
2.580000000000002,-2.504154724106162,-1.776146399697258,17.12776496878128,6.122324563545066,0.2192005029055366,0.0,-3.2362014884284545,-2.2502074771289444,4.712176712620018,-0.07040414733282657,-0.012794157542268467,0.0,418.17686388069785,419.54364773870196,417.72920950424253,416.52902643322494
2.640000000000002,-2.7030359812746547,-1.9145183924356595,17.41289284223695,6.118723499980655,0.21834620384268089,0.0,-3.3930628428378267,-2.362516234076211,4.791379734748621,-0.044740973310832585,-0.017295390442869252,0.0,467.576411157219,467.22567158253077,466.8746409898948,468.870418704005
2.700000000000002,-2.910940352585615,-2.059412456098635,17.701001340008236,6.1167895618206725,0.21838535740665677,0.0,-3.5370903709784582,-2.46748256831021,4.811833533564266,-0.014726496777003223,0.023010936063911358,0.0,448.6408104660621,451.9021864380104,449.4605839552559,451.886459817286
2.760000000000002,-3.1273185619657524,-2.2104967815260657,17.98944049416991,6.116148553141727,0.2195987967347408,0.0,-3.675700610504667,-2.5687470592342825,4.802525708310693,-0.0036245771925587423,0.013969353905905002,0.0,440.72497793686944,439.9768723249727,442.5262226523163,443.43943302974407
2.820000000000002,-3.3520759839414747,-2.3676917778708586,18.277388803090428,6.1157684191397195,0.22048820632323984,0.0,-3.816367700468515,-2.6711378094754425,4.795476038937797,-0.012399401427379563,0.01647921278601262,0.0,441.9548249441506,442.16158020024443,444.3029737205912,443.58293329676553
2.880000000000002,-3.5847544348315736,-2.53063392649052,18.562433135479985,6.114955076963998,0.22140984283613552,0.0,-3.9398322294082893,-2.760423392753348,4.706132158545072,-0.015974758574599103,0.013024021375987812,0.0,415.28055849446486,414.9772215838674,416.4330284800354,416.1201940644002
2.940000000000002,-3.825774412267258,-2.6996230546518727,18.846007319273063,6.114198528310915,0.22240527061628512,0.0,-4.094287425414733,-2.872615355505527,4.745793240303714,-0.006609008163514282,0.022908784650247135,0.0,458.6066175548648,459.3911390484875,457.5645774700625,458.3098362852166
3.000000000000002,-4.075508367447003,-2.874921830517819,19.129316971389144,6.1134234295869,0.223763567647981,0.0,-4.23043129106248,-2.9707889126933478,4.6977540905700925,-0.030157403088376115,0.022091779518175758,0.0,430.65834298058286,430.58926653590504,432.179502188678,430.18974892124226
3.0600000000000023,-4.333357445173803,-3.0560633725939517,19.409265770699626,6.111193164348105,0.22517095665717513,0.0,-4.364810619566242,-3.0674922301138623,4.633804930348964,-0.05736051551537921,0.026054708184428926,0.0,425.6517449274402,425.99090667012433,426.88931016999544,424.5602854713942
3.1200000000000023,-4.5986736557439665,-3.2425734431052318,19.68255874578897,6.108176274145514,0.22677712323538302,0.0,-4.479444248563297,-3.1498717563529026,4.476338802259516,-0.03895197385000829,0.028161703769610195,0.0,392.30407671007845,392.49998081679007,391.96217623881654,393.66759139309215
3.1800000000000024,-4.873062907117216,-3.4356942115155,19.955498319318593,6.105666270916128,0.22872043203824965,0.0,-4.66698495579106,-3.287634336204896,4.620421852619873,-0.04832691172623894,0.03972614341474433,0.0,491.9041033379829,492.76014845410947,491.0718209963904,490.375019862584
3.2400000000000024,-5.15756202893194,-3.636224229164515,20.231887265913905,6.1029183754961345,0.23094300894888953,0.0,-4.816641219562911,-3.396974504884955,4.59218298871389,-0.04116937633413734,0.03105072683179938,0.0,440.8639577722406,440.1470511189982,439.20684818429254,439.79893698363816
3.3000000000000025,-5.451246978216999,-3.8434779702270987,20.50710882163926,6.100284719130073,0.23260180115689444,0.0,-4.973130422294271,-3.5117330325725438,4.581423009372026,-0.04999078584963014,0.019780860414494828,0.0,446.62328337718355,445.7031504656815,447.3159713095727,446.5957836629954
3.3600000000000025,-5.754310739784045,-4.057622921773184,20.781334299918097,6.097083151378303,0.23369345771894423,0.0,-5.129239528126678,-3.6267372791435664,4.559035469169725,-0.061127515147603555,0.014815907791309547,0.0,443.9870853183041,443.57939977339436,444.094407729532,443.17785759542517
3.4200000000000026,-6.066568028160854,-4.278561294042976,21.053222707354607,6.0931547189211415,0.2343633006552226,0.0,-5.279600570895275,-3.738253863984892,4.503680100063587,-0.07600654585795459,0.0026210752437669264,0.0,433.7479329524273,432.7222361434216,434.5241505054314,433.2713592070569
3.4800000000000026,-6.3876118780460756,-4.506045632348643,21.320568160562154,6.0882443310731595,0.2345429288445633,0.0,-5.422140567334353,-3.8450245642386367,4.407810061226522,-0.09726206293158955,0.0037290756010632123,0.0,419.29855164588105,419.3947625260915,421.8970152748569,420.05125329686234
3.5400000000000027,-6.71839996325646,-4.740961476021135,21.58680960307711,6.082688903665002,0.2347857946376397,0.0,-5.604216447034348,-3.986000263914838,4.465959958090196,-0.08459132254732459,0.004677678858716429,0.0,470.52669540893976,470.6000645235804,471.2225807366366,472.19447364676347
3.6000000000000028,-7.059376740138369,-4.983800644857549,21.85325847946885,6.07736113140297,0.2348605054877302,0.0,-5.761912074070412,-4.10913115651095,4.415332518105711,-0.09890709631810506,-0.006698952271112698,0.0,438.66675217579797,437.72078320080755,438.2329320410192,437.0342535769503
3.660000000000003,-7.410620233678808,-5.234784691251701,22.119708267903693,6.071385382036372,0.23478288184667395,0.0,-5.946276293273647,-4.257527280036711,4.465375913065411,-0.10100898483002868,0.007772290780564409,0.0,471.00101471486425,472.1191430274755,471.1991383714169,471.0286571244535
3.720000000000003,-7.7720719095530235,-5.494006551207511,22.385395787442192,6.0658508888743405,0.23495892922427508,0.0,-6.102404574398813,-4.383748724678155,4.390603507943938,-0.07882043448061807,-0.009121172934861897,0.0,432.95477969843387,431.5307147057735,432.16393522555035,434.0229380172149
3.780000000000003,-8.143422493632551,-5.761336715156301,22.64848485303334,6.061842950639473,0.2338868296587826,0.0,-6.276101632518739,-4.527685207545974,4.378469591321377,-0.04978944635518197,-0.047876500374878,0.0,456.83959070937857,453.73801544209476,451.7196755699469,454.05166661215566
3.840000000000003,-8.524710810532728,-6.03691590040781,22.908670846527645,6.05884794792593,0.2307884214580911,0.0,-6.433657540430022,-4.658710493177085,4.294393335642914,-0.05017237501407167,-0.060490152404494346,0.0,430.87904591231427,429.80921636811274,431.88705354277175,431.853105365933
3.900000000000003,-8.916143473909438,-6.3210747716136275,23.166572371344387,6.055825384826866,0.22710311242077363,0.0,-6.61404303399766,-4.813616399396184,4.301817975502305,-0.050786402974876715,-0.06335256573136,0.0,461.2665387758778,461.0378330905441,461.73478034623673,461.6848276576884
3.960000000000003,-9.318303007558866,-6.614518221025467,23.424452949954414,6.052854220527291,0.22378122749154095,0.0,-6.79127374841616,-4.96821582565356,4.293765740213556,-0.04709953208066963,-0.04288550996944752,0.0,456.1816976272975,457.81137788515485,457.9343557323823,458.2261545973403
4.020000000000002,-9.731164349505821,-6.91737452422509,23.682019783461527,6.050803530519751,0.22149097603923806,0.0,-6.970854500490592,-5.127320099099168,4.291282287787638,-0.016263846544288085,-0.030104866651768633,0.0,459.2919973342738,460.30407574185966,459.62956316984327,462.0668368153749
4.080000000000001,-10.155529036650057,-7.230556896179867,23.94238977316276,6.049256435880896,0.21916924226856338,0.0,-7.17461074080244,-5.3122051180406284,4.386636160872546,-0.0631071016177063,-0.06756198986867622,0.0,493.51679991379837,490.7427758706266,493.1608863806454,489.6874614330411
4.14,-10.591132353488184,-7.553860939641807,24.204015300755504,6.045696487587087,0.21558377878759316,0.0,-7.345611570851088,-5.465095756506638,4.333990863683622,-0.05269046040086945,-0.047506896940527385,0.0,446.59013698711954,448.2207681457156,447.0111678370199,447.8569538521511
4.199999999999998,-11.036963347187394,-7.88637029918387,24.462160718461394,6.042665040756452,0.21287287927525256,0.0,-7.515631320666556,-5.6190209621007545,4.2706535921830655,-0.04651109386481443,-0.040896668205957255,0.0,444.6416381250797,445.1818004525708,443.66413119525623,444.1697015421422
4.259999999999997,-11.49344325240944,-8.228654555374314,24.718274665826776,6.039394912441205,0.21055446043597748,0.0,-7.700513909655756,-5.790860709816997,4.2658847696009605,-0.0795978577377054,-0.034472574771605924,0.0,463.0714973534889,463.5760156113207,465.9179503625508,463.3210485093471
4.319999999999996,-11.960644612651883,-8.58088373655979,24.972138007863364,6.034574609015998,0.2084452636321954,0.0,-7.873141782359577,-5.950707011166988,4.195910547233657,-0.08186120762428804,-0.03655036433746819,0.0,443.4330821171988,443.26178284076883,444.99386783792573,444.8033138408332
4.379999999999995,-12.43880426415191,-8.943461323922671,25.224231911539448,6.029571464609285,0.2067496384792742,0.0,-8.06568184287487,-6.135758038430312,4.206350020356852,-0.08662160180560244,-0.015407882436358496,0.0,469.9405681149274,471.5767153670149,471.2369170108685,470.8634498604687
4.439999999999993,-12.928277684797163,-9.316917137599082,25.4754779198771,6.024199328934159,0.20566619289565757,0.0,-8.250412401978604,-6.313369789803708,4.167850330068898,-0.09610925769267899,-0.0239665618356416,0.0,457.3394622149866,456.65714343552287,457.8104521173882,457.0482224466471
4.499999999999992,-13.428845637807493,-9.701091079216816,25.72403793568484,6.017948510801279,0.20402203890690007,0.0,-8.435498508929602,-6.493096713698758,4.116862162892549,-0.1297134633027941,-0.03535405406869449,0.0,455.70344640485524,454.7918379696964,455.32734536269624,452.62026926976716
4.559999999999991,-13.940678116704493,-10.096319938104532,25.969867501422453,6.010461344381184,0.2017960484063961,0.0,-8.625842533085859,-6.681983507631053,4.076672593865588,-0.11641433337924152,-0.040841492138682635,0.0,459.70937331819454,459.27363348263606,459.1369228684897,460.1774230991692
4.6199999999999894,-14.464398695596602,-10.503587163393625,26.21508283297914,6.003943094910182,0.19883675763114717,0.0,-8.831664698093926,-6.894288574268854,4.096023762745085,-0.09642522121498166,-0.07742604070133048,0.0,481.0971902671075,478.3166859497049,479.7326165964479,481.23876116695277
4.679999999999988,-14.999521084745275,-10.922391643332583,26.45658588179007,5.9986589517241775,0.19485114655600544,0.0,-9.006153596776205,-7.0666850691983685,3.9541523118327224,-0.07514162677729916,-0.0504858646774876,0.0,428.89744344128627,431.1764020181039,427.9656592528128,429.76699779841164
4.739999999999987,-15.545581333364277,-11.352246381714203,26.69144129735457,5.9942590876084925,0.19166131361657257,0.0,-9.196221997151875,-7.262506630678527,3.8739777989223945,-0.06993757433728387,-0.05914215493914461,0.0,450.84507184103336,450.1430875228378,449.93083742784677,450.3479758882564
4.799999999999986,-16.102984348859884,-11.793792537379137,26.92073719016285,5.9897317694113035,0.18799237791766643,0.0,-9.384291393167329,-7.456454260613069,3.7690122793570517,-0.0897561291522326,-0.06549710916829585,0.0,442.5108012765959,441.9845009198506,444.24590137321604,442.6126847167179
4.859999999999984,-16.672326066158693,-12.248009430226537,27.146572858750172,5.9839593445698185,0.18421246116112844,0.0,-9.594000518122135,-7.684841212732126,3.7579233932857754,-0.1139908388305815,-0.05842105873681967,0.0,474.50902251387083,475.0494540660401,474.19560478116637,472.3221448274799
4.919999999999983,-17.25354554556303,-12.714880787960563,27.3676616697998,5.97669661046173,0.1806318237414688,0.0,-9.780488667207791,-7.878498105036661,3.611537126710563,-0.14139482961149652,-0.062314967392149756,0.0,431.0340979110361,430.70215701652825,433.14561614098403,430.8197714513506
4.979999999999982,-17.84615535514857,-13.193736901889618,27.580440708827545,5.968446393874345,0.17727949682085598,0.0,-9.973655761404645,-8.084396150803075,3.480685920352831,-0.13068509761483993,-0.045380779528513646,0.0,436.30395337396726,437.7136628298169,437.22244834878404,438.0961789662499
5.0399999999999805,-18.45054599196779,-13.685305394542238,27.785747591412726,5.960490669582747,0.17449517236774703,0.0,-10.17321848202846,-8.302215541550677,3.3622931997837475,-0.13671459848053802,-0.048537006413237764,0.0,443.3586576165478,443.097901599247,442.2760977098722,441.7627521204965
